40907150
40907148
40907147
40907146
40907145
40907144
40907143
40907142
40907141
40907140
40907139
40907138
40907137
40907136
40907135
40907134
40907131
40907130
40907129
40907128
40907127
40907126
40907125
40907124
40907123
40907122
40907121
40907120
40907119
40907118
40907117
40907116
40907115
40907114
40907113
40907112
40907111
40907110
40907109
40907107
40907105
40907102
40907101
40907098
40907096
40907095
40907094
40907093
40907092
40907091
40907090
40907089
40907088
40907087
40907085
40907084
40907083
40907082
40907081
40907080
40907079
40907078
40907077
40907076
40907075
40907074
40907073
40907072
40907071
40907070
40907069
40907068
40907067
40907066
40907065
40907064
40907063
40907062
40907061
40907060
40907059
40907058
40907057
40907056
40907055
40907054
40907053
40907052
40907051
40907050
40907049
40907048
40907047
40907046
40907045
40907044
40907043
40907042
40907041
40907040
40907039
40907038
40907037
40907036
40907035
40907033
40907032
40907031
40907030
40907029
40907028
40907027
40907026
40907025
40907023
40907022
40907021
40907020
40907019
40907018
40907017
40907016
40907015
40907013
40907012
40907011
40907010
40907009
40907008
40907007
40907006
40907005
40907004
40907003
40907002
40907001
40907000
40906999
40906998
40906997
40906996
40906995
40906994
40906992
40906991
40906989
40906987
40906986
40906985
40906984
40906983
40906982
40906981
40906980
40906979
40906978
40906977
40906975
40906974
40906972
40906971
40906970
40906969
40906968
40906967
40906966
40906965
40906964
40906963
40906961
40906960
40906959
40906958
40906957
40906956
40906955
40906954
40906953
40906952
40906951
40906950
40906949
40906948
40906947
40906946
40906945
40906944
40906943
40906942
40906940
40906937
40906936
40906935
40906934
40906933
40906932
40906931
40906930
40906929
40906928
40906927
40906926
40906925
40906924
40906923
40906922
40906921
40906920
40906919
40906918
40906917
40906916
40906915
40906914
40906913
40906912
40906911
40906910
40906909
40906908
40906907
40906906
40906905
40906904
40906903
40906902
40906901
40906900
40906899
40906898
40906897
40906896
40906895
40906894
40906893
40906892
40906891
40906889
40906888
40906887
40906885
40906884
40906883
40906880
40906879
40906878
40906865
40906864
40906863
40906862
40906861
40906860
40906859
40906858
40906856
40906855
40906854
40906853
40906852
40906851
40906850
40906849
40906848
40906847
40906846
40906844
40906843
40906842
40906841
40906840
40906839
40906838
40906837
40906836
40906835
40906834
40906833
40906831
40906829
40906828
40906827
40906826
40906825
40906824
40906823
40906822
40906821
40906820
40906819
40906818
40906817
40906816
40906814
40906813
40906812
40906811
40906810
40906809
40906808
40906807
40906806
40906805
40906804
40906803
40906802
40906801
40906800
40906798
40906797
40906796
40906795
40906794
40906793
40906792
40906791
40906790
40906789
40906788
40906787
40906786
40906785
40906784
40906783
